2011.1862     650064.1380   -1533424.5433    -222335.9382
2011.1889     650064.1159   -1533424.5440    -222335.9432
2011.1916     650064.1135   -1533424.5387    -222335.9439
2011.1944     650064.1207   -1533424.5430    -222335.9391
2011.1971     650064.1161   -1533424.5250    -222335.9664
2015.5640     650063.9089   -1533424.3976    -222335.8077
2015.5667     650063.8879   -1533424.4018    -222335.8002
2015.5695     650063.8879   -1533424.3893    -222335.8798
2016.6543     650063.8366   -1533424.3673    -222335.8386
2016.6571     650063.8405   -1533424.3651    -222335.8365
2016.6598     650063.8419   -1533424.3688    -222335.8192
2016.6626     650063.8489   -1533424.3658    -222335.8102
2017.1232     650063.7880   -1533424.3949    -222335.8895
2017.1259     650063.7931   -1533424.3888    -222335.8995
2017.1287     650063.7762   -1533424.3988    -222335.8895
2017.1314     650063.7694   -1533424.3922    -222335.8980
