2010.1834     636644.6515   -1525044.7300    -218870.8907
2010.1862     636644.6493   -1525044.7311    -218870.8301
2010.1889     636644.6683   -1525044.7128    -218870.9300
2011.1889     636644.6052   -1525044.7043    -218870.9507
2011.1916     636644.6005   -1525044.7049    -218870.9596
2011.1944     636644.6109   -1525044.6983    -218870.9682
2011.1971     636644.6046   -1525044.6907    -218871.0164
2012.1752     636644.5723   -1525044.6981    -218870.8897
2012.1780     636644.5598   -1525044.6991    -218870.8661
2012.1807     636644.5623   -1525044.6877    -218870.8917
2012.1834     636644.5486   -1525044.6889    -218870.9289
2015.5640     636644.4225   -1525044.6346    -218870.8372
2015.5667     636644.4085   -1525044.6503    -218870.8080
2016.6571     636644.3804   -1525044.6915    -218870.8433
2016.6598     636644.3659   -1525044.6680    -218870.8150
2016.6626     636644.3736   -1525044.6513    -218870.8060
2016.6653     636644.3559   -1525044.6593    -218870.7629
2017.1232     636644.3229   -1525044.7080    -218870.8764
2017.1259     636644.3301   -1525044.6968    -218870.9036
2017.1287     636644.3060   -1525044.7219    -218870.8559
2017.1314     636644.3241   -1525044.7125    -218870.8605
2017.1342     636644.2957   -1525044.6962    -218870.9412
