2007.8159     650320.0957   -1520038.0115    -219030.5415
2007.8186     650320.0852   -1520038.0126    -219030.5395
2007.8214     650320.0976   -1520038.0159    -219030.5357
2010.0986     650320.0452   -1520037.9716    -219030.4762
2011.0657     650319.9064   -1520037.8800    -219030.6018
2011.0712     650319.9088   -1520037.8798    -219030.6091
2011.0739     650319.9056   -1520037.8770    -219030.6018
2011.0767     650319.9735   -1520037.8185    -219030.7143
2013.5421     650319.7901   -1520037.8038    -219030.5328
2015.5503     650319.6788   -1520037.7394    -219030.4862
2015.5558     650319.7029   -1520037.7430    -219030.4632
2017.1232     650319.5307   -1520037.6456    -219030.4560
2017.1259     650319.5358   -1520037.6337    -219030.4948
2017.1287     650319.5116   -1520037.6273    -219030.5373
2017.1314     650319.5180   -1520037.6239    -219030.5270
2017.1342     650319.5167   -1520037.6461    -219030.3884
