2008.7173     709049.3032   -1479060.6693    -215504.3618
2008.7201     709049.3066   -1479060.6682    -215504.3607
2011.0657     709049.1489   -1479060.5557    -215504.4645
2011.0684     709049.1494   -1479060.5630    -215504.4399
2011.0712     709049.1561   -1479060.5531    -215504.4852
2011.0739     709049.1517   -1479060.5501    -215504.4811
2013.5448     709049.0412   -1479060.4850    -215504.3297
2013.5476     709049.0346   -1479060.4925    -215504.3404
2015.5394     709048.9326   -1479060.4062    -215504.3277
2015.5421     709048.9225   -1479060.4160    -215504.2955
2015.5448     709048.9223   -1479060.4082    -215504.2989
2015.5476     709048.9035   -1479060.3969    -215504.3507
2017.1259     709048.8594   -1479060.3477    -215504.3291
2017.1287     709048.8419   -1479060.3451    -215504.3758
2017.1314     709048.8412   -1479060.3485    -215504.3503
