2007.8131     653648.5558   -1562391.6675    -230037.8443
2007.8159     653648.5552   -1562391.6730    -230037.8407
2007.8186     653648.5481   -1562391.6754    -230037.8309
2007.8214     653648.5547   -1562391.6733    -230037.8372
2011.0657     653648.3398   -1562391.5491    -230037.8973
2011.0684     653648.3360   -1562391.5535    -230037.8959
2011.0712     653648.3413   -1562391.5428    -230037.9035
2011.0739     653648.3472   -1562391.5403    -230037.8904
2011.0767     653648.3389   -1562391.5443    -230037.9169
2013.5421     653648.2266   -1562391.4917    -230037.7583
2013.5448     653648.2223   -1562391.4891    -230037.7560
2013.5476     653648.2156   -1562391.4965    -230037.7677
2015.5503     653648.1063   -1562391.4255    -230037.7349
2015.5530     653648.1232   -1562391.4218    -230037.7362
2015.5558     653648.1355   -1562391.4276    -230037.7254
2017.1232     653648.0301   -1562391.3795    -230037.7221
2017.1259     653648.0380   -1562391.3769    -230037.7243
2017.1287     653648.0203   -1562391.3838    -230037.7237
2017.1314     653648.0249   -1562391.3838    -230037.7140
