2008.7146     718677.4994   -1503860.1866    -222666.2493
2008.7201     718677.5004   -1503860.1857    -222666.2599
2010.0986     718677.4206   -1503860.0956    -222666.3453
2011.0657     718677.3499   -1503860.0844    -222666.3436
2011.0684     718677.3464   -1503860.0880    -222666.3368
2011.0712     718677.3538   -1503860.0821    -222666.3398
2011.0739     718677.3531   -1503860.0814    -222666.3552
2013.5448     718677.2178   -1503859.9965    -222666.2524
2013.5476     718677.2097   -1503860.0011    -222666.2735
2015.5394     718677.1049   -1503859.9374    -222666.2038
2015.5421     718677.0930   -1503859.9216    -222666.1548
2015.5448     718677.0570   -1503859.8928    -222666.2262
2015.5476     718677.0725   -1503859.9282    -222666.2454
2017.1259     718677.0370   -1503859.9042    -222666.1309
2017.1287     718677.0306   -1503859.9090    -222666.1369
2017.1314     718677.0252   -1503859.9078    -222666.1273
