2004.8953     610117.2159   -1456496.6743    -199527.4747
2004.8980     610117.2177   -1456496.6742    -199527.4656
2004.9008     610117.2175   -1456496.6686    -199527.4959
2004.9035     610117.2260   -1456496.6469    -199527.5063
2006.4244     610117.1360   -1456496.6460    -199527.4428
2006.4271     610117.1359   -1456496.6463    -199527.4488
2006.4298     610117.1384   -1456496.6456    -199527.4382
2006.4326     610117.1358   -1456496.6465    -199527.4335
2006.4353     610117.1356   -1456496.6501    -199527.4240
2010.1013     610117.0024   -1456496.6177    -199527.4918
2010.1040     610116.9997   -1456496.6108    -199527.5154
2010.1068     610117.0026   -1456496.6187    -199527.4933
2011.2820     610116.9268   -1456496.6044    -199527.4771
2011.2847     610116.9277   -1456496.6046    -199527.4690
2016.5421     610116.7026   -1456496.5182    -199527.4390
2016.5448     610116.7045   -1456496.5196    -199527.4378
2016.5476     610116.7044   -1456496.5286    -199527.3980
2017.1232     610116.7146   -1456496.5056    -199527.4333
2017.1259     610116.7171   -1456496.5023    -199527.4230
2017.1287     610116.6964   -1456496.5122    -199527.4408
2017.1314     610116.7084   -1456496.5137    -199527.4238
