2010.0986     622323.4540   -1494051.2806    -209759.3776
2010.1013     622323.4557   -1494051.2813    -209759.3556
2010.1040     622323.4586   -1494051.2746    -209759.3714
2010.1068     622323.4539   -1494051.2703    -209759.3863
2011.2765     622323.3858   -1494051.2542    -209759.4429
2011.2793     622323.3840   -1494051.2568    -209759.4348
2011.2820     622323.3734   -1494051.2604    -209759.4132
2011.2847     622323.3769   -1494051.2470    -209759.4489
2016.5421     622323.1653   -1494051.2057    -209759.3315
2016.5448     622323.1750   -1494051.2056    -209759.3348
2016.5476     622323.1722   -1494051.2104    -209759.3226
2017.1232     622323.2134   -1494051.2329    -209759.3377
2017.1259     622323.2122   -1494051.2307    -209759.3418
2017.1287     622323.2017   -1494051.2328    -209759.3512
2017.1314     622323.2099   -1494051.2384    -209759.3268
