2008.7283     660878.2763   -1581811.4219    -235819.9379
2008.7310     660878.2810   -1581811.4292    -235819.9341
2008.7337     660878.2775   -1581811.4258    -235819.9401
2011.0657     660878.1331   -1581811.3748    -235820.0590
2011.0684     660878.1223   -1581811.3817    -235820.0573
2011.0712     660878.1429   -1581811.3776    -235820.0594
2011.0739     660878.1416   -1581811.3808    -235820.0414
2013.5421     660878.0172   -1581811.4003    -235819.8879
2013.5448     660878.0136   -1581811.3910    -235819.8781
2013.5476     660878.0034   -1581811.4021    -235819.8923
2015.5503     660877.9231   -1581811.3617    -235819.8695
2015.5530     660877.9260   -1581811.3701    -235819.8453
2015.5558     660877.9345   -1581811.3675    -235819.8593
2017.1205     660877.8355   -1581811.3161    -235819.9091
2017.1232     660877.8382   -1581811.3278    -235819.9100
2017.1259     660877.8520   -1581811.3233    -235819.9172
2017.1287     660877.8442   -1581811.3290    -235819.9173
2017.1314     660877.8296   -1581811.3238    -235819.9194
